LEVEL1
1  1 111 111
1  1 1    1  
1  1 111  1
1  1 1    1  
1111 111  1

LEVEL2
2 2 2 2 2
 1 1 1 1
2 2 2 2 2
 1 1 1 1
2 2 2 2 2

LEVEL3
33 33 333
2 2 2 2 2
111111111
2 2 2 2 2
33 33 333

LEVEL4
1 2 3 2 1
2 3   3 2
3       3
2 3   3 2
1 2 3 2 1

LEVEL5
323231313
 2232232
  11311
   212
    3

LEVEL6
111222333
1 3 2 3 1
12 1 2 1
1 3 2 3 1
333222111

LEVEL7
3333333
3     2
3 111 2
3 1 1 2
3 111 2
3     2
2222222

LEVEL8
123212321
 23212321
  321232
   2123
  321232
 23212321
123212321

LEVEL9
    3
   232
  21312
 2313132
231111132
 2313132
  21312
   232
    3

LEVEL10
333333333
311121113
312232213
311323113
333131333
311323113
312232213
311121113
333333333