LEVEL1
1 1 111 111
1 1 1    1
1 1 111  1
1 1 1    1
111 111  1


LEVEL2
2 2 2 2 2 2
 1 1 1 1 1
2 2 2 2 2 2
 1 1 1 1 1
2 2 2 2 2 2

LEVEL3
33 33 333
2 2 2 2 2
111111111
2 2 2 2 2
33 33 333

LEVEL4
11 2 3 2 11
12 3   3 21
13       31
12 3   3 21
11 2 3 2 11

LEVEL5
333333333
 2222222
  11111
   222
    3

LEVEL6
123123123
312312312
231231231
123123123
312312312

LEVEL7
 1  1  1
  2  2
 3 3 3 3
  2  2
 1  1  1

LEVEL8
333333333
 2222222
111111111
 2222222
333333333

LEVEL9
111 222 333
1 1 2 2 3 3
111 222 333
1 1 2 2 3 3
111 222 333

LEVEL10
3 3 3 3 3 3 3 3 3
  3 2 1 1 1 2 3
    2 1 1 1 2
     1 1 1 1
      1 1 1
        1